variables="x","cp"
.000                            -.6467                                 
.005                                  1.0042              
.010                                    .9716         
.015                                 .8854             
.020                              .8273               
.025                                   .7639                 
.030                                  .7120                                                                         
.040                                 .6346                  
.050                                    .5772                     
.060                                 .5342                            
.075                                     .4835                      
.100                                 .4288                       
.150                                     .3642                              
.200                                      .3305                       
.250                                      .3052                                
.300                                  .2885                           
.350                                    .2772                      
.400                                    .2650                          
.450                                     .2576                         
.500                                   .2466                            
.550                                  .2398                                 
.600                                   .2340                     
.650                                      .2275                       
.700                                     .2501                            
.750                                   .2117                           
.800                                  .2062                           
.850                                 .1976                          
.900                                .1837                            
.950                               .1665  
