variables="x","cp"
.000                            -.6467                                 
.005                                  -1.8972              
.010                                    -1.7937         
.015                                 -1.7436            
.020                              -1.7013               
.025                                   -1.6565                
.030                                  -1.6225                                                                         
.040                                 -1.5649                  
.050                                    -1.5168                     
.060                                 -1.4810                            
.075                                     -1.4279                       
.100                                 -1.3563                      
.150                                     -1.2453                              
.200                                      -1.1700                       
.250                                      -1.1029                                
.300                                  -1.0441                           
.350                                    -.9800                      
.400                                    -.9224                          
.450                                     -.8851                         
.500                                   -.8708                            
.550                                  -.7618                                 
.600                                   -.4011                     
.650                                      -.3531                       
.700                                     -.2972                            
.750                                   -.2310                           
.800                                  -.1674                           
.850                                 -.1104                          
.900                                -.0500                            
.950                               .0215  
