variables="x","cp"
.000             .5845
.005             .9327
.010             .7515
.015             .6274
.020             .5569
.025             .5013
.031             .4606
.040             .3937
.050             .3519
.060             .3221
.075             .2898
.100             .2580
.150             .2229
.200             .2133
.250             .2047
.300             .1983
.350             .1979
.400             .1912 
.450             .1902
.500             .1865
.550             .1848
.600             .1846
.650             .1827
.700             .1946
.750             .1763
.800             .1724
.850             .1671
.900             .1623
.950             .1495