variables="x","cp"
.000             .5845
.005            -.7529
.010            -.8777
.015            -.9312
.020            -.9714
.025            -.9982
.031           -1.0116
.040           -1.0233
.050           -1.0257
.060           -1.0361
.075           -1.0354
.100           -1.0199
.150            -.9821
.200            -.9496
.250            -.9197
.300            -.8856
.350            -.8416
.400            -.7670 
.450            -.7210
.500            -.6975
.550            -.6834
.600            -.6841
.650            -.3328
.700            -.2001
.750            -.1751
.800            -.1322
.850            -.0888
.900            -.0328
.950             .0287