variables="x","cp"
.000                            -2.4141                                 
.005                                  .8583              
.010                                    .9997         
.015                                 .9935             
.020                              .9561               
.025                                   .9193                 
.030                                  .8732                                                                         
.040                                 .7947                  
.050                                    .7359                     
.060                                 .6981                            
.075                                     .6300                      
.100                                 .5623                       
.150                                     .4786                              
.200                                      .4269                       
.250                                      .3908                                
.300                                  .3673                           
.350                                    .3435                      
.400                                    .3298                          
.450                                     .3110                         
.500                                   .2971                            
.550                                  .2842                                 
.600                                   .2740                     
.650                                      .2606                       
.700                                     .2998                            
.750                                   .2368                           
.800                                  .2252                           
.850                                 .2116                          
.900                                .1915                            
.950                               .1697  
