variables="x","cp"
.000          -2.4141
.005          -3.1227
.010          -2.7605
.015          -2.5821
.020          -2.4369
.025          -2.3332
.031          -2.2380
.040          -2.0976
.050          -1.9982
.060          -1.9162
.075          -1.8121
.100          -1.6848
.150          -1.5118
.200          -1.3936
.250          -1.3033
.300          -1.1698
.350          -1.0803
.400           -.9813 
.450           -.8706
.500           -.7523
.550           -.6332
.600           -.5194
.650           -.4224
.700           -.3361
.750           -.2576
.800           -.1869
.850           -.1213
.900           -.0612
.950            .0010