variables="x","cp"
.000            .9905
.005            .5146
.010            .3306
.015            .2411
.020            .1951
.025            .1609																			
.030	        .1396
.040            .1111
.050            .0960
.060            .0834
.075            .0802
.100            .0761
.150            .0788
.200            .0901
.250            .0973
.300            .1034
.350            .1168
.400            .1215
.450            .1232
.500            .1294
.550            .1316
.600            .1355
.650            .1387
.700            .1394
.750            .1412
.800            .1426
.850            .1446
.900            .1426
.950             .1339