variables="x","cp"
.000            .9905
.005            .0922
.010            -.1676
.015            -.3841
.020            -.3778
.025            -.4545																			
.030	        -.4935
.040            -.5610
.050            -.6109
.060            -.6495
.075            -.6847
.100            -.7169
.150            -.7451
.200            -.7527
.250            -.7524
.300            -.7460
.350            -.7201
.400            -.6603
.450            -.5986
.500            -.5595
.550            -.5414
.600            -.5340
.650            -.5295
.700            -.2535
.750            -.1064
.800            -.0905
.850            -.0579
.900            -.0169
.950             .0420